Arguments: size: 14, precision 0.010000, display level: 2
The number of processes are: 8
This is processor: : 2
This is processor: : 6
This is processor: : 7
This is processor: : 3
This is processor: : 4
This is processor: : 0
This is processor: : 1
This is processor: : 5

Starting Matrix:
1.000000, 1.000000, 1.000000, 1.000000, 1.000000, 1.000000, 1.000000, 1.000000, 1.000000, 1.000000, 1.000000, 1.000000, 1.000000, 1.000000, 
1.000000, 0.000000, 0.000000, 0.000000, 0.000000, 0.000000, 0.000000, 0.000000, 0.000000, 0.000000, 0.000000, 0.000000, 0.000000, 1.000000, 
1.000000, 0.000000, 0.000000, 0.000000, 0.000000, 0.000000, 0.000000, 0.000000, 0.000000, 0.000000, 0.000000, 0.000000, 0.000000, 1.000000, 
1.000000, 0.000000, 0.000000, 0.000000, 0.000000, 0.000000, 0.000000, 0.000000, 0.000000, 0.000000, 0.000000, 0.000000, 0.000000, 1.000000, 
1.000000, 0.000000, 0.000000, 0.000000, 0.000000, 0.000000, 0.000000, 0.000000, 0.000000, 0.000000, 0.000000, 0.000000, 0.000000, 1.000000, 
1.000000, 0.000000, 0.000000, 0.000000, 0.000000, 0.000000, 0.000000, 0.000000, 0.000000, 0.000000, 0.000000, 0.000000, 0.000000, 1.000000, 
1.000000, 0.000000, 0.000000, 0.000000, 0.000000, 0.000000, 0.000000, 0.000000, 0.000000, 0.000000, 0.000000, 0.000000, 0.000000, 1.000000, 
1.000000, 0.000000, 0.000000, 0.000000, 0.000000, 0.000000, 0.000000, 0.000000, 0.000000, 0.000000, 0.000000, 0.000000, 0.000000, 1.000000, 
1.000000, 0.000000, 0.000000, 0.000000, 0.000000, 0.000000, 0.000000, 0.000000, 0.000000, 0.000000, 0.000000, 0.000000, 0.000000, 1.000000, 
1.000000, 0.000000, 0.000000, 0.000000, 0.000000, 0.000000, 0.000000, 0.000000, 0.000000, 0.000000, 0.000000, 0.000000, 0.000000, 1.000000, 
1.000000, 0.000000, 0.000000, 0.000000, 0.000000, 0.000000, 0.000000, 0.000000, 0.000000, 0.000000, 0.000000, 0.000000, 0.000000, 1.000000, 
1.000000, 0.000000, 0.000000, 0.000000, 0.000000, 0.000000, 0.000000, 0.000000, 0.000000, 0.000000, 0.000000, 0.000000, 0.000000, 1.000000, 
1.000000, 0.000000, 0.000000, 0.000000, 0.000000, 0.000000, 0.000000, 0.000000, 0.000000, 0.000000, 0.000000, 0.000000, 0.000000, 1.000000, 
1.000000, 1.000000, 1.000000, 1.000000, 1.000000, 1.000000, 1.000000, 1.000000, 1.000000, 1.000000, 1.000000, 1.000000, 1.000000, 1.000000, 

---------------------------------------------

Processor 0 send starts at (x,y) (0,0) and ends at (x,y) (0,4), rows: 4 
Processor 0 recv starts at (x,y) (0,1) and ends at (x,y) (0,3), rows: 2 

Processor 1 send starts at (x,y) (0,2) and ends at (x,y) (0,6), rows: 4 
Processor 1 recv starts at (x,y) (0,3) and ends at (x,y) (0,5), rows: 2 

Processor 2 send starts at (x,y) (0,4) and ends at (x,y) (0,8), rows: 4 
Processor 2 recv starts at (x,y) (0,5) and ends at (x,y) (0,7), rows: 2 

Processor 3 send starts at (x,y) (0,6) and ends at (x,y) (0,10), rows: 4 
Processor 3 recv starts at (x,y) (0,7) and ends at (x,y) (0,9), rows: 2 

Processor 4 send starts at (x,y) (0,8) and ends at (x,y) (0,11), rows: 3 
Processor 4 recv starts at (x,y) (0,9) and ends at (x,y) (0,10), rows: 1 

Processor 5 send starts at (x,y) (0,9) and ends at (x,y) (0,12), rows: 3 
Processor 5 recv starts at (x,y) (0,10) and ends at (x,y) (0,11), rows: 1 

Processor 6 send starts at (x,y) (0,10) and ends at (x,y) (0,13), rows: 3 
Processor 6 recv starts at (x,y) (0,11) and ends at (x,y) (0,12), rows: 1 

Processor 7 send starts at (x,y) (0,11) and ends at (x,y) (0,14), rows: 3 
Processor 7 recv starts at (x,y) (0,12) and ends at (x,y) (0,13), rows: 1 

Proc 0: Elements in proc: 56
Proc 1: Elements in proc: 56
Proc 2: Elements in proc: 56
Proc 4: Elements in proc: 42
Proc 6: Elements in proc: 42
Proc 5: Elements in proc: 42
Proc 7: Elements in proc: 42
Proc 3: Elements in proc: 56

8, 0.010000, 14, 0.017626, 53,Iterations: 53
Time taken: 0.017626 seconds

---------------------------------------------


Final Matrix:
1.000000, 1.000000, 1.000000, 1.000000, 1.000000, 1.000000, 1.000000, 1.000000, 1.000000, 1.000000, 1.000000, 1.000000, 1.000000, 1.000000, 
1.000000, 0.980682, 0.962496, 0.946512, 0.933647, 0.924646, 0.920014, 0.920014, 0.924646, 0.933647, 0.946512, 0.962496, 0.980682, 1.000000, 
1.000000, 0.962496, 0.927199, 0.896162, 0.871195, 0.853716, 0.844727, 0.844727, 0.853716, 0.871195, 0.896162, 0.927199, 0.962496, 1.000000, 
1.000000, 0.946512, 0.896162, 0.851903, 0.816284, 0.791363, 0.778537, 0.778537, 0.791363, 0.816284, 0.851903, 0.896162, 0.946512, 1.000000, 
1.000000, 0.933647, 0.871195, 0.816284, 0.772110, 0.741187, 0.725282, 0.725282, 0.741187, 0.772110, 0.816284, 0.871195, 0.933647, 1.000000, 
1.000000, 0.924646, 0.853716, 0.791363, 0.741187, 0.706075, 0.688008, 0.688008, 0.706075, 0.741187, 0.791363, 0.853716, 0.924646, 1.000000, 
1.000000, 0.920014, 0.844727, 0.778537, 0.725282, 0.688008, 0.668833, 0.668833, 0.688008, 0.725282, 0.778537, 0.844727, 0.920014, 1.000000, 
1.000000, 0.920014, 0.844727, 0.778537, 0.725282, 0.688008, 0.668833, 0.668833, 0.688008, 0.725282, 0.778537, 0.844727, 0.920014, 1.000000, 
1.000000, 0.924646, 0.853716, 0.791363, 0.741187, 0.706075, 0.688008, 0.688008, 0.706075, 0.741187, 0.791363, 0.853716, 0.924646, 1.000000, 
1.000000, 0.933647, 0.871195, 0.816284, 0.772110, 0.741187, 0.725282, 0.725282, 0.741187, 0.772110, 0.816284, 0.871195, 0.933647, 1.000000, 
1.000000, 0.946512, 0.896162, 0.851903, 0.816284, 0.791363, 0.778537, 0.778537, 0.791363, 0.816284, 0.851903, 0.896162, 0.946512, 1.000000, 
1.000000, 0.962496, 0.927199, 0.896162, 0.871195, 0.853716, 0.844727, 0.844727, 0.853716, 0.871195, 0.896162, 0.927199, 0.962496, 1.000000, 
1.000000, 0.980682, 0.962496, 0.946512, 0.933647, 0.924646, 0.920014, 0.920014, 0.924646, 0.933647, 0.946512, 0.962496, 0.980682, 1.000000, 
1.000000, 1.000000, 1.000000, 1.000000, 1.000000, 1.000000, 1.000000, 1.000000, 1.000000, 1.000000, 1.000000, 1.000000, 1.000000, 1.000000, 


