Arguments: size: 14, precision 0.010000, display level: 2
The number of processes are: 1
This is processor: : 0

Starting Matrix:
1.000000, 1.000000, 1.000000, 1.000000, 1.000000, 1.000000, 1.000000, 1.000000, 1.000000, 1.000000, 1.000000, 1.000000, 1.000000, 1.000000, 
1.000000, 0.000000, 0.000000, 0.000000, 0.000000, 0.000000, 0.000000, 0.000000, 0.000000, 0.000000, 0.000000, 0.000000, 0.000000, 1.000000, 
1.000000, 0.000000, 0.000000, 0.000000, 0.000000, 0.000000, 0.000000, 0.000000, 0.000000, 0.000000, 0.000000, 0.000000, 0.000000, 1.000000, 
1.000000, 0.000000, 0.000000, 0.000000, 0.000000, 0.000000, 0.000000, 0.000000, 0.000000, 0.000000, 0.000000, 0.000000, 0.000000, 1.000000, 
1.000000, 0.000000, 0.000000, 0.000000, 0.000000, 0.000000, 0.000000, 0.000000, 0.000000, 0.000000, 0.000000, 0.000000, 0.000000, 1.000000, 
1.000000, 0.000000, 0.000000, 0.000000, 0.000000, 0.000000, 0.000000, 0.000000, 0.000000, 0.000000, 0.000000, 0.000000, 0.000000, 1.000000, 
1.000000, 0.000000, 0.000000, 0.000000, 0.000000, 0.000000, 0.000000, 0.000000, 0.000000, 0.000000, 0.000000, 0.000000, 0.000000, 1.000000, 
1.000000, 0.000000, 0.000000, 0.000000, 0.000000, 0.000000, 0.000000, 0.000000, 0.000000, 0.000000, 0.000000, 0.000000, 0.000000, 1.000000, 
1.000000, 0.000000, 0.000000, 0.000000, 0.000000, 0.000000, 0.000000, 0.000000, 0.000000, 0.000000, 0.000000, 0.000000, 0.000000, 1.000000, 
1.000000, 0.000000, 0.000000, 0.000000, 0.000000, 0.000000, 0.000000, 0.000000, 0.000000, 0.000000, 0.000000, 0.000000, 0.000000, 1.000000, 
1.000000, 0.000000, 0.000000, 0.000000, 0.000000, 0.000000, 0.000000, 0.000000, 0.000000, 0.000000, 0.000000, 0.000000, 0.000000, 1.000000, 
1.000000, 0.000000, 0.000000, 0.000000, 0.000000, 0.000000, 0.000000, 0.000000, 0.000000, 0.000000, 0.000000, 0.000000, 0.000000, 1.000000, 
1.000000, 0.000000, 0.000000, 0.000000, 0.000000, 0.000000, 0.000000, 0.000000, 0.000000, 0.000000, 0.000000, 0.000000, 0.000000, 1.000000, 
1.000000, 1.000000, 1.000000, 1.000000, 1.000000, 1.000000, 1.000000, 1.000000, 1.000000, 1.000000, 1.000000, 1.000000, 1.000000, 1.000000, 

---------------------------------------------

Processor 0 send starts at (x,y) (0,0) and ends at (x,y) (0,14), rows: 14 
Processor 0 recv starts at (x,y) (0,1) and ends at (x,y) (0,13), rows: 12 

Proc 0: Elements in proc: 196

1, 0.010000, 14, 0.000431, 53,Iterations: 53
Time taken: 0.000431 seconds

---------------------------------------------


Final Matrix:
1.000000, 1.000000, 1.000000, 1.000000, 1.000000, 1.000000, 1.000000, 1.000000, 1.000000, 1.000000, 1.000000, 1.000000, 1.000000, 1.000000, 
1.000000, 0.980682, 0.962496, 0.946512, 0.933647, 0.924646, 0.920014, 0.920014, 0.924646, 0.933647, 0.946512, 0.962496, 0.980682, 1.000000, 
1.000000, 0.962496, 0.927199, 0.896162, 0.871195, 0.853716, 0.844727, 0.844727, 0.853716, 0.871195, 0.896162, 0.927199, 0.962496, 1.000000, 
1.000000, 0.946512, 0.896162, 0.851903, 0.816284, 0.791363, 0.778537, 0.778537, 0.791363, 0.816284, 0.851903, 0.896162, 0.946512, 1.000000, 
1.000000, 0.933647, 0.871195, 0.816284, 0.772110, 0.741187, 0.725282, 0.725282, 0.741187, 0.772110, 0.816284, 0.871195, 0.933647, 1.000000, 
1.000000, 0.924646, 0.853716, 0.791363, 0.741187, 0.706075, 0.688008, 0.688008, 0.706075, 0.741187, 0.791363, 0.853716, 0.924646, 1.000000, 
1.000000, 0.920014, 0.844727, 0.778537, 0.725282, 0.688008, 0.668833, 0.668833, 0.688008, 0.725282, 0.778537, 0.844727, 0.920014, 1.000000, 
1.000000, 0.920014, 0.844727, 0.778537, 0.725282, 0.688008, 0.668833, 0.668833, 0.688008, 0.725282, 0.778537, 0.844727, 0.920014, 1.000000, 
1.000000, 0.924646, 0.853716, 0.791363, 0.741187, 0.706075, 0.688008, 0.688008, 0.706075, 0.741187, 0.791363, 0.853716, 0.924646, 1.000000, 
1.000000, 0.933647, 0.871195, 0.816284, 0.772110, 0.741187, 0.725282, 0.725282, 0.741187, 0.772110, 0.816284, 0.871195, 0.933647, 1.000000, 
1.000000, 0.946512, 0.896162, 0.851903, 0.816284, 0.791363, 0.778537, 0.778537, 0.791363, 0.816284, 0.851903, 0.896162, 0.946512, 1.000000, 
1.000000, 0.962496, 0.927199, 0.896162, 0.871195, 0.853716, 0.844727, 0.844727, 0.853716, 0.871195, 0.896162, 0.927199, 0.962496, 1.000000, 
1.000000, 0.980682, 0.962496, 0.946512, 0.933647, 0.924646, 0.920014, 0.920014, 0.924646, 0.933647, 0.946512, 0.962496, 0.980682, 1.000000, 
1.000000, 1.000000, 1.000000, 1.000000, 1.000000, 1.000000, 1.000000, 1.000000, 1.000000, 1.000000, 1.000000, 1.000000, 1.000000, 1.000000, 


